311
362
315
362
320
362
342
362
366
360
382
356
396
350
408
342
419
329
429
311
431
289
425
262
412
233
395
207
369
183
342
166
313
155
279
148
247
150
219
155
197
164
179
175
166
191
158
209
154
227
155
247
159
266
170
286
187
308
211
330
239
346
269
357
297
362
323
362
341
360
new
793
355
796
354
799
352
804
348
807
344
824
316
829
296
827
277
820
255
808
232
790
210
772
193
751
179
730
169
708
162
688
158
668
157
652
159
637
166
627
175
616
185
608
197
601
209
596
222
594
236
593
253
598
270
603
284
611
300
624
314
642
330
666
345
691
357
717
364
744
367
770
366
794
362
814
351
815
350
new
435
558
428
562
421
568
416
573
368
615
352
632
337
649
324
665
309
680
297
697
284
713
274
727
269
738
264
746
261
752
261
756
263
759
267
762
276
765
289
768
306
770
328
769
355
768
387
765
418
764
450
765
484
768
519
770
551
770
579
770
606
766
609
766
new
152
884
154
887
158
891
164
896
183
917
212
946
239
967
269
987
304
1005
344
1019
382
1032
421
1042
459
1049
497
1054
539
1056
580
1057
622
1055
664
1050
704
1043
738
1029
768
1012
791
984
810
947
821
901
828
852
830
806
832
759
832
721
831
686
832
656
new